L1~L11: 	 0.0137581  0.000260566  0.00466236    -18.2893  -8.94103e-06   0.0145072  -0.000779467   -0.857134  -0.000188328  3.0873e-05  0.000534251  0.000181928  -4.05181e-07  -2.22406e-05  4.70147e-05  
Xs = 	1001.66	(mm)
Ys = 	3060.41	(mm)
Zs = 	-13.8101	(mm)
phi = 	-0.0976339	(rad)
omega =	-0.0534573	(rad)
kappa =	-0.0103757	(rad)
x0 = 	0.243727	(mm)
y0 = 	-0.102145	(mm)
fx = 	25.585	(mm)
fy= 	25.5909	(mm)
dbeta = 	-0.000171793	(mm)
ds= 	-0.000229131	(mm)
k1 = 	0.000181928
k2 = 	-4.05181e-07
p1 = 	-2.22406e-05
p2 = 	4.70147e-05
