L1~L11: 	 0.0137581  0.000260566  0.00466236    -18.2893  -8.94103e-06   0.0145072  -0.000779467   -0.857134  -0.000188328  3.0873e-05  0.000534251  Distortion Coefficients: (k1 k2 p1 p2) 	0.000181928  -4.05181e-07  -2.22406e-05  4.70147e-05  
Xs = 	1253.03	(mm)
Ys = 	1754.11	(mm)
Zs = 	-7.16043	(mm)
phi = 	0.338907	(rad)
omega =	-0.0544466	(rad)
kappa =	0.0184187	(rad)
x0 = 	0.286216	(mm)
y0 = 	-0.102946	(mm)
fx = 	25.6086	(mm)
fy= 	25.6084	(mm)
dbeta = 	-0.000153415	(mm)
ds= 	7.02244e-06	(mm)
k1 = 	0.000181928
k2 = 	-4.05181e-07
p1 = 	-2.22406e-05
p2 = 	4.70147e-05
