iteration times: 8

m0 = 	0.000867005	(mm)
Xs = 	   1253.09 	(¡À)0.315758	(mm)
Ys = 	   1754.12 	(¡À) 0.642917	(mm)
Zs = 	  -6.96012 	(¡À) 0.168839	(mm)
phi = 	  0.338996 	(¡À) 0.000407352	(rad)
omega =	-0.0545265 	(¡À) 0.000271609	(rad)
kappa =	 0.0184761 	(¡À) 2.80789e-05	(rad)
f = 	   25.6083 	(¡À) 0.00493982	(mm)
x0 = 	   0.28849 	(¡À) 0.0102184	(mm)
y0 = 	 -0.103832 	(¡À) 0.00672772	(mm)
k1 = 	0.000182088 	(¡À) 3.02478e-06
k2 = 	-4.0756e-07 	(¡À) 2.31998e-08
p1 = 	-2.29154e-05 	(¡À) 5.86082e-06
p2 = 	4.70601e-05 	(¡À) 4.13675e-06
