iteration times: 9

m0 = 	0.000917325	(mm)
Xs = 	   999.554 	(¡À)0.344633	(mm)
Ys = 	   3061.37 	(¡À) 1.15308	(mm)
Zs = 	  -14.2568 	(¡À) 0.226366	(mm)
phi = 	-0.0972593 	(¡À) 0.000404652	(rad)
omega =	 -0.053882 	(¡À) 0.000287443	(rad)
kappa =	-0.0103541 	(¡À) 3.1258e-05	(rad)
f = 	   25.6019 	(¡À) 0.00775709	(mm)
x0 = 	  0.257856 	(¡À) 0.0100116	(mm)
y0 = 	 -0.116076 	(¡À) 0.00767138	(mm)
k1 = 	0.000179847 	(¡À) 2.12772e-06
k2 = 	-4.0387e-07 	(¡À) 1.32565e-08
p1 = 	-1.76385e-05 	(¡À) 5.69508e-06
p2 = 	4.85356e-05 	(¡À) 4.24042e-06
